4.200000000000000000e+01
4.190000152587890625e+01
4.179999923706054688e+01
4.170000076293945312e+01
4.159999847412109375e+01
4.150000000000000000e+01
4.140000152587890625e+01
4.129999923706054688e+01
4.120000076293945312e+01
4.109999847412109375e+01
4.100000000000000000e+01
4.090000152587890625e+01
4.079999923706054688e+01
4.070000076293945312e+01
4.059999847412109375e+01
4.050000000000000000e+01
4.040000152587890625e+01
4.029999923706054688e+01
4.020000076293945312e+01
4.009999847412109375e+01
4.000000000000000000e+01
3.990000152587890625e+01
3.979999923706054688e+01
3.970000076293945312e+01
3.959999847412109375e+01
3.950000000000000000e+01
3.940000152587890625e+01
3.929999923706054688e+01
3.920000076293945312e+01
3.909999847412109375e+01
3.900000000000000000e+01
3.890000152587890625e+01
3.879999923706054688e+01
3.870000076293945312e+01
3.859999847412109375e+01
3.850000000000000000e+01
3.840000152587890625e+01
3.829999923706054688e+01
3.820000076293945312e+01
3.809999847412109375e+01
3.800000000000000000e+01
3.790000152587890625e+01
3.779999923706054688e+01
3.770000076293945312e+01
3.759999847412109375e+01
3.750000000000000000e+01
3.740000152587890625e+01
3.729999923706054688e+01
3.720000076293945312e+01
3.709999847412109375e+01
3.700000000000000000e+01
3.690000152587890625e+01
3.679999923706054688e+01
3.670000076293945312e+01
3.659999847412109375e+01
3.650000000000000000e+01
3.640000152587890625e+01
3.629999923706054688e+01
3.620000076293945312e+01
3.609999847412109375e+01
3.600000000000000000e+01
3.590000152587890625e+01
